		[0]	1.00000000	float
		[1]	0.000000000	float
		[2]	0.000000000	float
		[3]	0.000000000	float
		[4]	0.000000000	float
		[5]	1.00000000	float
		[6]	0.000000000	float
		[7]	0.000000000	float
		[8]	0.000000000	float
		[9]	0.000000000	float
		[10]	1.00000000	float
		[11]	0.000000000	float
		[12]	2.00000000	float
		[13]	3.00000000	float
		[14]	4.00000000	float
		[15]	1.00000000	float


|1 0 0 0|   |1 0 0 0|   |1 0 0 0|    
|0 1 0 0| x |0 1 0 0| = |0 1 0 0| 
|0 0 1 0|   |0 0 1 0|   |0 0 1 0|
|2 3 4 1|   |0 0 0 1|   |2 3 4 1|
                    
                        |1 0 0 2|
			|0 1 0 3|
			|0 0 1 4|
			|0 0 0 1|

		[0]	1.00000000	float
		[1]	0.000000000	float
		[2]	0.000000000	float
		[3]	2.000000000	float
		[4]	0.000000000	float
		[5]	1.00000000	float
		[6]	0.000000000	float
		[7]	3.000000000	float
		[8]	0.000000000	float
		[9]	0.000000000	float
		[10]	1.00000000	float
		[11]	4.000000000	float
		[12]	0.00000000	float
		[13]	0.00000000	float
		[14]	0.00000000	float
		[15]	1.00000000	float


